20 -1346 -3242
4 -1376 -3240
32 -1358 -3240
-4 -1446 -3242
30 -1324 -3242
10 -1426 -3236
-26 -1386 -3242
28 -1384 -3240
-18 -1366 -3236
30 -1420 -3238
-38 -1420 -3242
10 -1452 -3238
14 -1362 -3234
62 -1468 -3242
-46 -1398 -3246
32 -1388 -3238
-20 -1388 -3246
-18 -1378 -3238
32 -1390 -3242
44 -1394 -3238
-22 -1350 -3242
40 -1330 -3240
4 -1438 -3248
16 -1328 -3242
-18 -1434 -3242
48 -1408 -3244
44 -1364 -3242
16 -1480 -3244
4 -1420 -3244
22 -1358 -3238
22 -1368 -3242
6 -1466 -3240
-10 -1428 -3234
24 -1430 -3234
6 -1416 -3234
-24 -1422 -3238
-24 -1424 -3236
36 -1470 -3238
54 -1418 -3236
-10 -1392 -3236
-4 -1358 -3246
-2 -1330 -3240
32 -1386 -3240
18 -1446 -3236
28 -1392 -3244
0 -1410 -3242
8 -1412 -3232
-22 -1418 -3236
-50 -1378 -3242
-26 -1416 -3248
14 -1336 -3238
-16 -1406 -3236
24 -1378 -3230
46 -1432 -3236
-6 -1432 -3238
2 -1362 -3240
-4 -1400 -3238
40 -1414 -3242
8 -1374 -3234
26 -1378 -3244
26 -1376 -3236
16 -1420 -3242
-10 -1418 -3232
6 -1384 -3238
14 -1440 -3242
10 -1346 -3238
10 -1398 -3236
-12 -1408 -3240
-4 -1346 -3238
-12 -1312 -3228
-16 -1312 -3248
-16 -1382 -3244
38 -1358 -3238
30 -1354 -3234
46 -1354 -3238
2 -1394 -3238
-40 -1316 -3250
0 -1390 -3238
-40 -1402 -3244
-18 -1398 -3244
-2 -1406 -3236
-14 -1450 -3242
-16 -1404 -3242
28 -1374 -3242
-38 -1386 -3238
-8 -1366 -3236
32 -1446 -3238
24 -1436 -3238
-18 -1350 -3236
6 -1382 -3240
14 -1348 -3236
22 -1382 -3232
-26 -1424 -3234
-4 -1448 -3234
-2 -1336 -3238
36 -1372 -3250
0 -1344 -3238
8 -1394 -3242
16 -1358 -3238
-6 -1400 -3234
-4 -1390 -3232
36 -1450 -3234
-2 -1298 -3234
2 -1354 -3246
-18 -1416 -3242
4 -1310 -3234
-6 -1346 -3236
12 -1430 -3236
-26 -1378 -3240
-18 -1428 -3244
26 -1434 -3228
10 -1388 -3234
-6 -1356 -3234
-24 -1334 -3242
34 -1358 -3244
36 -1426 -3238
34 -1436 -3240
20 -1470 -3232
20 -1414 -3232
-54 -1436 -3240
8 -1408 -3236
-20 -1308 -3240
4 -1392 -3234
-22 -1400 -3240
-34 -1390 -3238
-4 -1364 -3234
-36 -1364 -3242
38 -1468 -3248
-22 -1350 -3236
-18 -1336 -3236
4 -1406 -3242
-8 -1286 -3242
-16 -1394 -3230
4 -1360 -3236
-10 -1378 -3240
52 -1404 -3234
12 -1384 -3246
18 -1336 -3238
10 -1324 -3242
30 -1442 -3244
-10 -1386 -3238
24 -1402 -3236
-20 -1294 -3236
8 -1378 -3234
16 -1468 -3242
8 -1474 -3238
28 -1356 -3242
-22 -1430 -3242
-12 -1412 -3240
-14 -1398 -3238
-14 -1312 -3236
50 -1390 -3240
32 -1328 -3236
22 -1356 -3242
-40 -1434 -3236
12 -1434 -3238
-22 -1342 -3236
2 -1346 -3232
24 -1484 -3234
-22 -1418 -3234
24 -1414 -3236
-8 -1352 -3236
-42 -1398 -3238
4 -1432 -3238
10 -1348 -3230
-12 -1398 -3238
10 -1372 -3234
-6 -1370 -3238
-16 -1366 -3238
42 -1388 -3238
-2 -1394 -3232
-16 -1374 -3240
-12 -1352 -3238
0 -1316 -3236
18 -1422 -3240
-22 -1402 -3244
-16 -1462 -3242
-8 -1348 -3238
-2 -1446 -3238
36 -1416 -3234
32 -1404 -3232
-18 -1404 -3232
-42 -1364 -3226
12 -1330 -3242
16 -1418 -3238
-4 -1420 -3238
-6 -1460 -3234
-60 -1352 -3236
12 -1350 -3236
12 -1380 -3234
38 -1372 -3242
0 -1406 -3236
6 -1360 -3236
-20 -1386 -3236
2 -1334 -3234
8 -1454 -3236
8 -1384 -3236
0 -1382 -3232
16 -1312 -3234
36 -1434 -3238
54 -1416 -3236
-10 -1340 -3232
-16 -1374 -3232
-44 -1458 -3240
-2 -1448 -3236
-30 -1408 -3230
28 -1420 -3242
22 -1382 -3244
6 -1392 -3238
-40 -1398 -3246
-4 -1444 -3240
64 -1344 -3232
10 -1418 -3240
60 -1420 -3244
46 -1378 -3236
26 -1388 -3238
-16 -1440 -3242
-6 -1368 -3236
-24 -1344 -3236
78 -1410 -3232
-6 -1372 -3238
-12 -1388 -3236
-26 -1382 -3236
24 -1336 -3240
-2 -1326 -3236
12 -1352 -3244
48 -1442 -3240
-28 -1376 -3234
-56 -1418 -3240
-54 -1440 -3234
-16 -1258 -3236
68 -1398 -3236
12 -1276 -3234
-24 -1428 -3238
62 -1380 -3242
-50 -1464 -3238
12 -1412 -3238
12 -1384 -3236
16 -1372 -3244
-28 -1346 -3236
20 -1416 -3244
2 -1396 -3240
-6 -1390 -3236
12 -1338 -3234
26 -1350 -3240
18 -1404 -3238
-6 -1374 -3232
-8 -1468 -3238
-4 -1342 -3238
16 -1408 -3236
14 -1430 -3246
-34 -1420 -3236
-46 -1422 -3230
-12 -1398 -3238
30 -1478 -3236
34 -1424 -3236
12 -1338 -3234
2 -1324 -3242
-34 -1372 -3240
-42 -1370 -3238
-22 -1384 -3242
-4 -1426 -3236
4 -1376 -3238
16 -1408 -3234
22 -1388 -3232
-16 -1340 -3230
-22 -1338 -3238
14 -1336 -3234
60 -1360 -3232
0 -1376 -3234
8 -1386 -3234
-14 -1422 -3244
-54 -1430 -3238
-6 -1404 -3230
2 -1378 -3236
8 -1398 -3234
-36 -1376 -3238
-14 -1410 -3240
-26 -1384 -3236
34 -1304 -3236
38 -1354 -3236
-18 -1412 -3242
-62 -1410 -3236
-52 -1336 -3240
-10 -1380 -3234
12 -1308 -3240
0 -1358 -3242
38 -1434 -3238
26 -1414 -3244
-8 -1376 -3242
-60 -1452 -3236
-6 -1386 -3236
-42 -1402 -3232
68 -1380 -3234
6 -1410 -3238
-8 -1462 -3242
-14 -1368 -3230
-36 -1428 -3234
-4 -1356 -3226
28 -1414 -3238
12 -1274 -3236
-26 -1348 -3226
-32 -1338 -3234
-42 -1428 -3240
12 -1400 -323
-16 -1330 -3238
0 -1304 -3230
14 -1362 -3240
-28 -1370 -3240
-2 -1412 -3242
30 -1426 -3242
-14 -1376 -3240
14 -1480 -3234
-14 -1420 -3236
50 -1372 -3230
42 -1380 -3234
2 -1374 -3228
18 -1412 -3236
-16 -1382 -3234
26 -1374 -3230
-8 -1390 -3226
72 -1338 -3236
0 -1354 -3234
-24 -1376 -3238
-34 -1420 -3236
8 -1384 -3234
8 -1368 -3238
8 -1448 -3230
-12 -1398 -3234
12 -1338 -3236
-22 -1368 -3234
-10 -1332 -3234
20 -1402 -3236
-10 -1384 -3232
28 -1390 -3230
38 -1410 -3232
16 -1414 -3234
-44 -1436 -3236
-22 -1478 -3234
-46 -1372 -3230
16 -1402 -3232
-12 -1350 -3236
-18 -1370 -3236
-16 -1368 -3238
-22 -1378 -3232
14 -1372 -3244
10 -1386 -3242
-36 -1400 -3234
16 -1418 -3242
0 -1360 -3236
-8 -1406 -3238
6 -1404 -3230
-12 -1372 -3236
38 -1416 -3230
30 -1356 -3232
-42 -1390 -3232
-8 -1480 -3242
0 -1428 -3240
-28 -1340 -3240
16 -1364 -3232
-4 -1380 -3234
-12 -1464 -3234
-20 -1348 -3234
4 -1454 -3232
-12 -1378 -3240
46 -1338 -3242
-8 -1430 -3236
-18 -1384 -3238
-42 -1362 -3240
26 -1362 -3236
74 -1362 -3236
-34 -1476 -3234
-26 -1448 -3238
-82 -1394 -3236
14 -1376 -3228
32 -1316 -3240
62 -1410 -3238
-38 -1374 -3238
-54 -1402 -3234
-46 -1364 -3232
-20 -1420 -3232
22 -1362 -3240
26 -1332 -3238
48 -1372 -3238
-4 -1348 -3232
-72 -1438 -3234
-26 -1408 -3236
-28 -1412 -3244
14 -1436 -3242
-28 -1392 -3236
-38 -1352 -3236
26 -1400 -3234
-6 -1350 -3232
36 -1364 -3238
22 -1398 -3246
10 -1432 -3234
-18 -1350 -3244
-50 -1410 -3234
4 -1350 -3238
-8 -1460 -3234
42 -1436 -3234
34 -1424 -3236
-22 -1382 -3232
24 -1388 -3234
10 -1394 -3238
12 -1376 -3234
44 -1336 -3236
8 -1366 -3236
28 -1340 -3228
12 -1394 -3232
-2 -1446 -3234
-14 -1366 -3240
-26 -1350 -3234
14 -1304 -3236
-18 -1372 -3236
-34 -1430 -3236
-22 -1410 -3236
2 -1280 -3238
-18 -1346 -3234
0 -1446 -3240
-10 -1350 -3240
6 -1390 -3236
-2 -1384 -3238
28 -1398 -3232
14 -1410 -3236
44 -1356 -3238
34 -1386 -3230
2 -1356 -3238
16 -1442 -3236
-8 -1390 -3234
-20 -1330 -3236
20 -1390 -3236
-10 -1376 -3238
-32 -1386 -3234
-40 -1388 -3236
20 -1368 -3238
24 -1392 -3234
44 -1370 -3238
14 -1384 -3238
-10 -1432 -3232
-38 -1434 -3234
4 -1354 -3232
46 -1394 -3236
28 -1386 -3232
8 -1438 -3234
-34 -1422 -3234
-20 -1404 -3234
12 -1362 -3234
2 -1354 -3234
30 -1334 -3240
4 -1400 -3234
36 -1368 -3236
4 -1392 -3238
6 -1316 -3228
-20 -1348 -3232
16 -1386 -3238
18 -1372 -3234
0 -1356 -3230
-2 -1454 -3230
-2 -1372 -3234
16 -1348 -3232
8 -1386 -3240
24 -1440 -3238
2 -1394 -3234
16 -1426 -3236
-4 -1384 -3234
12 -1374 -3234
-18 -1350 -3228
-26 -1422 -3234
16 -1340 -3226
8 -1394 -3238
40 -1362 -3238
14 -1430 -3240
8 -1304 -3238
2 -1352 -3236
-20 -1394 -3234
-56 -1408 -3238
0 -1366 -3236
16 -1384 -3234
14 -1350 -3232
-16 -1432 -3236
2 -1366 -3240
-16 -1418 -3236
-34 -1310 -3234
4 -1440 -3240
26 -1382 -3238
6 -1384 -3236
14 -1376 -3236
0 -1380 -3236
22 -1400 -3230
-8 -1300 -3230
-14 -1386 -3242
8 -1292 -3234
-22 -1344 -3232
32 -1434 -3238
30 -1440 -3232
-26 -1400 -3238
-14 -1406 -3238
-26 -1434 -3232
-6 -1418 -3238
-10 -1440 -3236
4 -1376 -3240
-20 -1386 -3234
-8 -1386 -3236
6 -1294 -3236
-16 -1320 -3234
-42 -1362 -3236
-22 -1338 -3232
18 -1420 -3230
0 -1364 -3240
46 -1370 -3230
-4 -1372 -3240
-16 -1394 -3234
-24 -1362 -3234
-10 -1440 -3230
24 -1354 -3240
2 -1344 -3240
48 -1478 -3240
-16 -1382 -3242
-28 -1446 -3234
24 -1398 -3236
16 -1350 -3230
12 -1408 -3230
4 -1378 -3236
2 -1402 -3236
-42 -1392 -3234
-4 -1366 -3236
8 -1400 -3230
36 -1340 -3238
-28 -1384 -3230
10 -1434 -3232
38 -1368 -3232
12 -1424 -3226
0 -1498 -3238
18 -1358 -3232
14 -1356 -3234
-24 -1326 -3228
42 -1386 -3232
16 -1330 -3228
-4 -1424 -3232
-4 -1396 -3232
38 -1362 -3232
12 -1438 -3228
12 -1398 -3232
0 -1380 -3234
-56 -1398 -3236
18 -1356 -3232
-10 -1420 -3228
-2 -1322 -3236
-18 -1388 -3234
2 -1376 -3234
22 -1400 -3232
-30 -1390 -3238
24 -1238 -3230
18 -1484 -3228
-6 -1364 -3228
26 -1440 -3236
4 -1386 -3234
10 -1398 -3228
42 -1392 -3224
-26 -1356 -3236
-22 -1376 -3236
32 -1398 -3226
-24 -1358 -3232
-14 -1394 -3230
-18 -1342 -3236
40 -1374 -3236
0 -1378 -3242
-18 -1406 -3240
44 -1404 -3238
-6 -1390 -3242
68 -1456 -3228
-4 -1400 -3236
-28 -1378 -3242
-14 -1462 -3238
-10 -1398 -3240
-30 -1368 -3226
12 -1354 -3232
6 -1368 -3230
20 -1434 -3236
-6 -1326 -3232
-30 -1358 -3238
14 -1408 -3230
-2 -1392 -3228
-20 -1478 -3238
-8 -1368 -3232
-20 -1414 -3232
-22 -1380 -3230
-6 -1314 -3238
-6 -1382 -3232
-6 -1450 -3232
-36 -1410 -3236
6 -1368 -3230
-16 -1380 -3228
28 -1394 -3232
-18 -1428 -3234
-12 -1424 -3234
-62 -1376 -3236
-28 -1298 -3236
2 -1368 -3232
18 -1420 -3228
-60 -1406 -3234
-34 -1420 -3234
24 -1440 -3238
-30 -1476 -3232
32 -1410 -3236
52 -1348 -3242
-14 -1368 -3236
-24 -1370 -3230
-22 -1310 -3242
-6 -1316 -3234
22 -1414 -3234
2 -1360 -3230
-26 -1426 -3234
-18 -1372 -3232
-2 -1472 -3228
-24 -1436 -3240
2 -1298 -3238
-16 -1372 -3240
-18 -1414 -3234
4 -1368 -3236
-8 -1398 -3230
16 -1362 -3232
-26 -1366 -3228
-12 -1416 -3234
-26 -1404 -3232
28 -1374 -3236
8 -1404 -3224
8 -1428 -3242
-22 -1476 -3236
-12 -1442 -3234
-22 -1348 -3230
56 -1392 -3234
4 -1318 -3236
38 -1376 -3232
-40 -1442 -3234
-30 -1398 -3234
-68 -1366 -3236
-32 -1406 -3240
38 -1374 -3238
0 -1446 -3232
14 -1398 -3240
-12 -1396 -3232
-24 -1396 -3242
2 -1376 -3238
0 -1356 -3230
30 -1374 -3242
10 -1418 -3238
28 -1394 -3236
22 -1390 -3240
18 -1318 -3236
18 -1390 -3238
-10 -1328 -3236
-6 -1322 -3236
-4 -1410 -3228
-54 -1368 -3242
-16 -1390 -3228
18 -1416 -3236
42 -1372 -3236
18 -1378 -3234
-28 -1462 -3236
-28 -1444 -3234
-10 -1350 -3236
-4 -1370 -3236
-28 -1360 -3236
28 -1322 -3238
4 -1416 -3240
-2 -1358 -3238
42 -1414 -3230
40 -1380 -3236
-28 -1396 -3240
8 -1408 -3234
-28 -1382 -3230
-32 -1346 -3236
26 -1374 -3232
-6 -1406 -3232
-42 -1424 -3236
18 -1398 -3232
8 -1450 -3234
8 -1434 -3234
10 -1310 -3238
-4 -1364 -3234
-6 -1368 -3232
6 -1440 -3234
16 -1406 -3242
-44 -1372 -3230
22 -1400 -3234
24 -1400 -3240
-2 -1422 -3236
-16 -1380 -3232
2 -1330 -3238
-32 -1362 -3230
-12 -1300 -3232
38 -1432 -3230
48 -1444 -3228
14 -1394 -3232
8 -1402 -3232
30 -1388 -3232
20 -1366 -3232
-20 -1396 -3236
26 -1358 -3238
-18 -1444 -3228
-34 -1384 -3230
26 -1414 -3226
12 -1396 -3234
26 -1368 -3234
-2 -1454 -3236
30 -1364 -3226
-16 -1474 -3236
20 -1408 -3232
34 -1346 -3236
32 -1428 -3234
20 -1456 -3236
-6 -1366 -3232
-14 -1384 -3232
-26 -1358 -3236
32 -1406 -3232
-16 -1406 -3232
6 -1388 -3236
18 -1446 -3232
-4 -1388 -3232
6 -1440 -3234
-16 -1412 -3234
24 -1334 -3236
-52 -1398 -3230
32 -1358 -3236
4 -1336 -3228
-16 -1398 -3226
2 -1364 -3236
16 -1368 -3230
-4 -1358 -3226
24 -1390 -3238
-20 -1354 -3234
-2 -1356 -3228
-44 -1422 -3230
16 -1396 -3238
34 -1338 -3238
34 -1400 -3234
-28 -1334 -3234
20 -1408 -3232
-44 -1352 -3228
8 -1400 -3226
24 -1366 -3224
36 -1396 -3238
-12 -1362 -3228
8 -1370 -3222
10 -1464 -3232
-10 -1386 -3224
46 -1404 -3224
8 -1360 -3236
4 -1446 -3228
26 -1362 -3230
-32 -1386 -3232
4 -1358 -3232
2 -1432 -3230
20 -1414 -3226
-28 -1372 -3234
4 -1412 -3228
-64 -1398 -3234
14 -1438 -3228
-12 -1396 -3232
6 -1396 -3226
-22 -1374 -3236
-4 -1372 -3234
-20 -1338 -3230
-38 -1464 -3226
16 -1410 -3228
8 -1426 -3232
10 -1378 -3232
8 -1436 -3234
4 -1466 -3232
-34 -1334 -3230
-42 -1496 -3232
-18 -1470 -3236
18 -1352 -3232
18 -1440 -3222
34 -1418 -3238
40 -1390 -3226
-2 -1366 -3232
12 -1376 -3230
36 -1386 -3226
-2 -1380 -3236
0 -1390 -3228
10 -1396 -3230
2 -1422 -3222
22 -1400 -3232
4 -1354 -3230
-30 -1274 -3228
-4 -1422 -3228
-12 -1402 -3230
6 -1344 -3226
-4 -1446 -3228
24 -1362 -3230
16 -1374 -3230
-4 -1340 -3230
18 -1396 -3228
-26 -1386 -3230
-4 -1376 -3230
6 -1424 -3232
-16 -1448 -3224
22 -1410 -3228
-24 -1422 -3234
28 -1412 -3230
-30 -1382 -3226
